4

0.0 0.7796977849571155 0.4304502176328382 0.4329405547124155
0.7796977849571155 0.0 0.1920096021905386 0.5882961822495594
0.4304502176328382 0.1920096021905386 0.0 0.47901121613954656
0.4329405547124155 0.5882961822495594 0.47901121613954656 0.0

0.0 0.29541330831110774 0.6844285463729066 0.1988227908746449
0.29541330831110774 0.0 0.6164922460559509 0.16210678581988341
0.6844285463729066 0.6164922460559509 0.0 0.7305208755290076
0.1988227908746449 0.16210678581988341 0.7305208755290076 0.0
